0.270500 	 0.000000 	 0.000000000000 	 0.00000 	 0.00000
0.541000 	 0.000000 	 0.000000000000 	 0.00000 	 0.00000
0.811500 	 0.000000 	 0.000000000000 	 0.00000 	 0.00000
1.082000 	 0.000000 	 0.000000000000 	 0.00000 	 0.00000
1.352500 	 0.000000 	 0.000000000000 	 0.00000 	 0.00000
1.623000 	 0.000000 	 0.000000000000 	 0.00000 	 0.00000
1.893500 	 0.000000 	 0.000000000000 	 0.00000 	 0.00000
2.164000 	 0.000000 	 0.000000000000 	 0.00000 	 0.00000
2.434500 	 0.000000 	 0.000000000000 	 0.00000 	 0.00000
2.705000 	 0.000000 	 0.000000000000 	 0.00000 	 0.00000
2.975500 	 0.000000 	 0.000000000000 	 0.00000 	 0.00000
3.246000 	 0.000000 	 0.000000000000 	 0.00000 	 0.00000
3.516500 	 0.000000 	 0.000000000000 	 0.00000 	 0.00000
3.787000 	 0.000000 	 0.000000000000 	 0.00000 	 0.00000
4.057500 	 0.000000 	 0.000000000000 	 0.00000 	 0.00000
4.328000 	 0.000000 	 0.000000000000 	 0.00000 	 0.00000
4.598500 	 0.000684 	 0.000031987233 	 0.00006 	 0.00017
4.869000 	 0.000646 	 0.000030210165 	 0.00006 	 0.00034
5.139500 	 0.001021 	 0.000047700260 	 0.00010 	 0.00062
5.410000 	 0.000776 	 0.000036252198 	 0.00008 	 0.00084
5.680500 	 0.001478 	 0.000069051806 	 0.00017 	 0.00129
5.951000 	 0.000705 	 0.000032956544 	 0.00008 	 0.00151
6.221500 	 0.001012 	 0.000047285476 	 0.00012 	 0.00185
6.492000 	 0.000162 	 0.000007552541 	 0.00002 	 0.00190
6.762500 	 0.001396 	 0.000065253956 	 0.00019 	 0.00241
7.033000 	 0.002238 	 0.000104573648 	 0.00031 	 0.00325
7.303500 	 0.001868 	 0.000087273810 	 0.00027 	 0.00398
7.574000 	 0.001662 	 0.000077683281 	 0.00025 	 0.00465
7.844500 	 0.001337 	 0.000062503790 	 0.00021 	 0.00521
8.115000 	 0.000776 	 0.000036252198 	 0.00012 	 0.00554
8.385500 	 0.000751 	 0.000035082772 	 0.00012 	 0.00588
8.656000 	 0.000970 	 0.000045315247 	 0.00017 	 0.00633
8.926500 	 0.000940 	 0.000043942058 	 0.00017 	 0.00678
9.197000 	 0.001825 	 0.000085299289 	 0.00033 	 0.00767
9.467500 	 0.002106 	 0.000098398823 	 0.00039 	 0.00874
9.738000 	 0.003879 	 0.000181260990 	 0.00075 	 0.01075
10.008500 	 0.004403 	 0.000205755718 	 0.00087 	 0.01310
10.279000 	 0.004797 	 0.000224191224 	 0.00097 	 0.01574
10.549500 	 0.003978 	 0.000185908707 	 0.00083 	 0.01798
10.820000 	 0.002909 	 0.000135945742 	 0.00062 	 0.01966
11.090500 	 0.004257 	 0.000198944989 	 0.00093 	 0.02218
11.361000 	 0.003602 	 0.000168313776 	 0.00081 	 0.02436
11.631500 	 0.004510 	 0.000210768593 	 0.00104 	 0.02716
11.902000 	 0.005025 	 0.000234815373 	 0.00118 	 0.03035
12.172500 	 0.005947 	 0.000277933517 	 0.00143 	 0.03422
12.443000 	 0.005059 	 0.000236427378 	 0.00124 	 0.03758
12.713500 	 0.006437 	 0.000300816110 	 0.00161 	 0.04194
12.984000 	 0.007838 	 0.000366298250 	 0.00201 	 0.04738
13.254500 	 0.009024 	 0.000421709241 	 0.00236 	 0.05376
13.525000 	 0.010550 	 0.000493029892 	 0.00282 	 0.06138
13.795500 	 0.009278 	 0.000433604720 	 0.00253 	 0.06821
14.066000 	 0.012158 	 0.000568183487 	 0.00337 	 0.07734
14.336500 	 0.012587 	 0.000588243212 	 0.00356 	 0.08697
14.607000 	 0.013647 	 0.000637770149 	 0.00393 	 0.09761
14.877500 	 0.018124 	 0.000846983170 	 0.00532 	 0.11200
15.148000 	 0.020779 	 0.000971041016 	 0.00621 	 0.12880
15.418500 	 0.022388 	 0.001046225712 	 0.00681 	 0.14723
15.689000 	 0.024543 	 0.001146944538 	 0.00760 	 0.16778
15.959500 	 0.025573 	 0.001195093643 	 0.00805 	 0.18956
16.230000 	 0.025729 	 0.001202364564 	 0.00824 	 0.21185
16.500500 	 0.024735 	 0.001155910245 	 0.00805 	 0.23363
16.771000 	 0.022647 	 0.001058330294 	 0.00749 	 0.25391
17.041500 	 0.023888 	 0.001116337523 	 0.00803 	 0.27563
17.312000 	 0.023999 	 0.001121552373 	 0.00820 	 0.29781
17.582500 	 0.025003 	 0.001168436225 	 0.00867 	 0.32127
17.853000 	 0.024095 	 0.001126015238 	 0.00849 	 0.34423
18.123500 	 0.022751 	 0.001063217446 	 0.00814 	 0.36624
18.394000 	 0.023386 	 0.001092897143 	 0.00849 	 0.38920
18.664500 	 0.022317 	 0.001042907433 	 0.00822 	 0.41144
18.935000 	 0.024214 	 0.001131586464 	 0.00905 	 0.43591
19.205500 	 0.024802 	 0.001159049145 	 0.00940 	 0.46133
19.476000 	 0.021602 	 0.001009523012 	 0.00830 	 0.48379
19.746500 	 0.021678 	 0.001013075120 	 0.00845 	 0.50664
20.017000 	 0.020337 	 0.000950395459 	 0.00803 	 0.52836
20.287500 	 0.023272 	 0.001087565938 	 0.00932 	 0.55356
20.558000 	 0.021180 	 0.000989780404 	 0.00859 	 0.57680
20.828500 	 0.022718 	 0.001061671511 	 0.00934 	 0.60206
21.099000 	 0.021731 	 0.001015526314 	 0.00905 	 0.62653
21.369500 	 0.023665 	 0.001105921481 	 0.00998 	 0.65353
21.640000 	 0.019975 	 0.000933494096 	 0.00853 	 0.67660
21.910500 	 0.020639 	 0.000964487488 	 0.00892 	 0.70073
22.181000 	 0.019157 	 0.000895252449 	 0.00838 	 0.72341
22.451500 	 0.019300 	 0.000901937213 	 0.00855 	 0.74654
22.722000 	 0.016346 	 0.000763885599 	 0.00733 	 0.76637
22.992500 	 0.013233 	 0.000618419847 	 0.00600 	 0.78261
23.263000 	 0.015199 	 0.000710290157 	 0.00698 	 0.80148
23.533500 	 0.011859 	 0.000554200267 	 0.00551 	 0.81637
23.804000 	 0.013575 	 0.000634413464 	 0.00638 	 0.83362
24.074500 	 0.013902 	 0.000649688266 	 0.00660 	 0.85149
24.345000 	 0.015515 	 0.000725043958 	 0.00745 	 0.87165
24.615500 	 0.014620 	 0.000683214499 	 0.00710 	 0.89086
24.886000 	 0.012521 	 0.000585157760 	 0.00615 	 0.90749
25.156500 	 0.011928 	 0.000557426269 	 0.00592 	 0.92350
25.427000 	 0.010192 	 0.000476292175 	 0.00511 	 0.93734
25.697500 	 0.009064 	 0.000423578313 	 0.00460 	 0.94977
25.968000 	 0.009293 	 0.000434271121 	 0.00476 	 0.96265
26.238500 	 0.007278 	 0.000340097939 	 0.00377 	 0.97284
26.509000 	 0.006768 	 0.000316281931 	 0.00354 	 0.98242
26.779500 	 0.006386 	 0.000298439811 	 0.00337 	 0.99154
27.050000 	 0.005857 	 0.000273704094 	 0.00313 	 1.00000
